75
0 0.06
1 1.12
2 2.14
3 3.1
4 4.06
5 15.1
6 16.12
7 17.04
8 18.18
9 19.02
10 30.04
11 31.14
12 32
13 33.18
14 34.06
15 45.12
16 46
17 47.12
18 48.04
19 49.12
20 60.02
21 61.16
22 62.14
23 63.18
24 64.04
25 75
26 76.04
27 77.06
28 78.14
29 79.1
30 90.18
31 91.04
32 92.04
33 93.16
34 94.18
35 105.14
36 106.06
37 107.12
38 108.02
39 109.04
40 120.18
41 121.06
42 122.02
43 123.18
44 124.08
45 135.14
46 136.16
47 137.08
48 138.1
49 139
50 150.06
51 151.12
52 152.02
53 153
54 154.12
55 165.06
56 166.04
57 167
58 168.12
59 169.02
60 180.1
61 181.1
62 182.08
63 183.14
64 184.12
65 195.1
66 196.12
67 197.18
68 198.06
69 199.14
70 210.08
71 211.1
72 212.04
73 213.1
74 214.08
