0 0.06 4 4.06
5 15.1 9 19.02
10 30.04 14 34.06
15 45.12 19 49.12
20 60.02 24 64.04
25 75 29 79.1
30 90.18 34 94.18
35 105.14 39 109.04
40 120.18 44 124.08
45 135.14 49 139
50 150.06 54 154.12
55 165.06 59 169.02
60 180.1 64 184.12
65 195.1 69 199.14
70 210.08 74 214.08
75 225.14 79 229
80 240.14 84 244.16
85 255.08 89 259.18
90 270.04 94 274.18
95 285.04 99 289.18
100 300.1 104 304.14
105 315.02 109 319.04
110 330.04 114 334.12
115 345.02 119 349.18
120 360 124 364.14
125 375.02 129 379.14
130 390.14 134 394.12
135 405.1 139 409.08
140 420.16 144 424.06
145 435.18 149 439.1
150 450 154 454.16
155 465.1 159 469.1
160 480.18 164 484.02
165 495 169 499.08
170 510.08 174 514.06
175 525.02 179 529.12
180 540.04 184 544.1
185 555.14 189 559.1
190 570.18 194 574.16
195 585.16 199 589.18
200 600.12 204 604.06
205 615.16 209 619.16
210 630.16 214 634.14
215 645.12 219 649.06
220 660 224 664.08
225 675 229 679.12
230 690.18 234 694.14
235 705.14 239 709.02
240 720.04 244 724.12
245 735.16 249 739
250 750.1 254 754.16
255 765.1 259 769.12
260 780.04 264 784.04
265 795.16 269 799.08
270 810 274 814.18
275 825 279 829.02
280 840.02 284 844
285 855.06 289 859.12
290 870.18 294 874
295 885.1 299 889
300 900 304 904.12
305 915.14 309 919.16
310 930.14 314 934.18
315 945.18 319 949.14
320 960.12 324 964.02
325 975.1 329 979.08
330 990.18 334 994.1
335 1005.16 339 1009.16
340 1020 344 1024.12
345 1035.02 349 1039.04
350 1050.04 354 1054.04
355 1065.18 359 1069.06
360 1080.16 364 1084.18
365 1095.02 369 1099.1
370 1110.08 374 1114.06
375 1125.12 379 1129.04
380 1140.18 384 1144.02
385 1155.14 389 1159.08
390 1170.12 394 1174.04
395 1185.12 399 1189.16
400 1200.16 404 1204.16
405 1215.16 409 1219.16
410 1230.06 414 1234
415 1245.08 419 1249.18
420 1260 424 1264.18
425 1275 429 1279.14
430 1290.06 434 1294.04
435 1305.12 439 1309.18
440 1320.12 444 1324
445 1335.08 449 1339.16
450 1350.12 454 1354.18
455 1365.06 459 1369.06
460 1380 464 1384.18
465 1395.02 469 1399.04
470 1410.1 474 1414.18
475 1425.08 479 1429.1
480 1440.14 484 1444.18
485 1455.18 489 1459.1
490 1470.06 494 1474.04
495 1485 499 1489.04
