1 103
1 140
1 378
1 394
2 6
2 103
2 140
2 236
2 520
2 604
4 619
4 811
5 236
5 378
5 394
5 520
5 604
5 619
5 811
5 848
12 848
12 897
15 355
25 367
29 373
38 359
50 366
50 897
50 899
71 352
86 899
86 900
87 349
123 369
137 2
137 6
144 349
150 369
170 370
176 362
182 361
202 372
220 361
229 353
234 374
238 375
243 369
311 364
324 348
329 369
330 376
346 367
390 367
402 357
442 348
458 1
458 2
465 363
516 361
533 365
601 360
606 349
615 368
638 355
672 352
715 347
715 348
738 356
744 359
780 375
781 355
794 367
840 371
867 365
893 368
893 372
903 351
904 357
919 373
929 366
950 348
965 366
968 369
1003 352
1036 376
1067 363
1079 361
1086 369
1096 362
1117 1
1117 4
1119 351
1121 352
1122 371
1132 349
1141 347
1141 374
1161 364
1177 355
1197 352
1215 352
1234 357
1279 353
1294 898
1294 900
1305 375
1309 896
1309 898
1325 894
1325 896
1326 357
1365 360
1367 375
1379 4
1379 29
1380 29
1380 49
1380 66
1380 80
1384 366
1384 370
1386 356
1397 49
1397 66
1399 885
1399 894
1400 80
1400 885
458 1
1117 1
137 2
458 2
1117 4
1379 4
2 6
137 6
1379 29
1380 29
1380 49
1397 49
1380 66
1397 66
1380 80
1400 80
1 103
2 103
1 140
2 140
2 236
5 236
715 347
1141 347
324 348
442 348
715 348
950 348
87 349
144 349
606 349
1132 349
903 351
1119 351
71 352
672 352
1003 352
1121 352
1197 352
1215 352
229 353
1279 353
15 355
638 355
781 355
1177 355
738 356
1386 356
402 357
904 357
1234 357
1326 357
38 359
744 359
601 360
1365 360
182 361
220 361
516 361
1079 361
176 362
1096 362
465 363
1067 363
311 364
1161 364
533 365
867 365
50 366
929 366
965 366
1384 366
25 367
346 367
390 367
794 367
615 368
893 368
123 369
150 369
243 369
329 369
968 369
1086 369
170 370
1384 370
840 371
1122 371
202 372
893 372
29 373
919 373
234 374
1141 374
238 375
780 375
1305 375
1367 375
330 376
1036 376
1 378
5 378
1 394
5 394
2 520
5 520
2 604
5 604
4 619
5 619
4 811
5 811
5 848
12 848
1399 885
1400 885
1325 894
1399 894
1309 896
1325 896
12 897
50 897
1294 898
1309 898
50 899
86 899
86 900
1294 900
