1097 355
1177 719
470 178
1277 692
389 499
669 566
511 463
1334 825
199 547
890 646
23 219
193 724
182 98
220 361
719 197
1399 756
858 267
893 472
410 695
692 876
561 693
738 803
397 318
1131 828
98 78
737 855
270 315
1247 597
90 19
641 57
334 766
1264 874
374 486
526 685
718 36
745 601
613 649
1304 839
399 319
896 665
617 150
964 793
321 298
1161 805
491 530
1340 619
616 773
921 832
558 734
958 820
676 195
1331 829
207 389
898 793
868 253
1101 277
263 204
626 249
238 375
780 817
145 114
694 685
959 345
1379 842
412 210
1050 332
214 220
819 659
176 671
230 715
74 470
105 856
247 217
1117 660
896 684
920 871
131 71
729 122
98 185
646 738
73 143
803 681
1246 113
1400 184
1219 49
1397 66
6 163
832 831
229 353
1279 738
503 408
812 498
744 90
963 682
427 790
808 894
50 567
1047 674
1167 748
1223 833
1265 670
1372 886
230 448
934 748
910 70
1245 224
882 207
981 286
104 209
461 570
314 587
715 875
393 102
1007 492
661 406
1323 534
471 3
609 763
483 211
1167 539
675 275
946 435
871 37
997 165
580 574
944 627
486 167
853 565
1024 182
1037 296
915 232
1290 617
365 79
746 790
156 85
961 326
808 260
934 534
462 171
1087 260
1159 4
1379 299
264 393
1343 828
170 618
1071 630
538 697
1321 825
1112 184
1207 494
417 787
1274 815
228 247
698 519
650 444
1211 765
253 262
695 616
845 126
1019 444
250 200
1174 652
194 110
698 325
455 560
1272 839
695 302
1172 737
553 234
853 593
151 66
212 583
464 83
510 260
599 239
817 842
683 142
923 686
725 188
1237 564
781 355
1162 384
343 294
1022 575
1257 123
1379 305
576 5
1097 697
412 104
1212 649
69 405
1382 638
296 85
1212 427
140 345
423 592
73 49
1133 119
641 399
969 703
167 477
811 531
426 326
834 800
668 153
854 474
328 537
867 747
99 89
1294 153
675 203
1158 262
482 734
501 791
361 33
923 701
432 199
877 753
154 552
278 608
281 362
1096 648
324 348
442 391
746 14
778 140
428 344
533 664
365 585
774 828
961 281
977 729
747 6
905 760
726 361
866 579
508 611
1123 647
89 30
215 618
263 512
981 558
2 6
428 236
254 308
918 772
915 282
935 792
220 168
1240 454
1161 173
1266 609
553 493
1217 636
327 834
1035 840
693 498
773 841
1140 536
1315 720
921 293
1311 896
893 531
1225 684
368 544
1086 716
659 151
1114 779
578 551
1223 598
754 134
836 582
811 30
982 467
158 441
1166 464
715 44
1141 347
202 372
893 407
25 367
346 646
804 403
816 732
83 67
669 896
312 198
898 538
883 417
1034 832
614 766
1334 855
467 484
1259 691
307 420
1330 430
258 413
1239 871
1093 232
1267 690
465 363
1067 868
786 172
872 500
670 325
916 825
295 99
1212 546
523 180
906 534
83 505
948 537
27 219
790 310
13 694
842 832
243 404
1243 840
683 716
895 870
218 264
1236 330
667 246
1260 673
1212 111
1326 561
258 255
1007 833
235 159
877 183
178 13
1326 205
226 108
647 584
860 64
1282 91
552 264
612 447
342 172
793 822
49 389
1140 679
50 472
499 899
282 295
980 596
479 46
1246 583
979 614
1074 723
1054 269
1266 282
828 49
1134 171
143 123
342 142
825 53
1246 851
79 232
657 833
819 152
822 429
738 525
1142 834
370 203
1022 571
754 15
1305 313
288 277
562 471
621 243
952 581
301 300
985 684
23 616
362 761
451 541
1194 602
351 231
738 764
103 463
1246 551
744 664
1343 740
62 22
482 324
8 439
411 638
655 71
1149 457
268 40
1293 436
119 221
996 551
131 150
1215 866
667 7
1089 682
811 663
1042 831
135 92
1326 709
385 86
1134 216
243 250
1046 844
1066 88
1374 761
479 391
640 624
841 117
916 292
114 341
192 594
161 190
816 793
438 476
936 849
54 110
1076 464
560 145
634 191
8 391
432 585
118 416
177 703
1101 617
1275 781
88 43
738 160
544 99
1300 537
756 366
894 631
1152 200
1291 520
535 88
1105 337
1047 349
1132 841
1001 572
1189 749
704 521
723 563
941 27
1059 540
195 130
275 700
258 601
1182 662
439 93
1244 96
280 244
672 259
311 457
921 853
199 266
1090 843
786 210
1223 581
944 567
1166 732
827 26
1083 556
399 70
1070 697
251 156
1233 324
621 91
907 341
456 94
851 783
559 331
1129 675
552 62
840 245
1234 389
1263 608
410 202
645 425
345 114
422 520
681 174
1050 433
411 121
1203 167
4 728
405 811
246 41
911 619
159 698
1344 776
291 602
751 895
653 641
1250 746
568 140
1174 175
487 292
944 480
641 415
1004 577
377 6
758 173
331 400
971 588
307 315
721 384
133 46
481 729
730 256
1231 888
253 324
615 769
541 127
957 708
598 94
841 871
153 723
224 783
439 357
638 480
1044 80
1343 874
29 48
1258 810
56 198
258 378
104 416
1090 561
573 414
843 752
789 183
1125 606
100 347
666 867
502 93
1284 838
269 789
1262 830
1150 81
1301 872
264 5
713 259
879 33
1049 236
1011 257
1221 316
774 562
1341 608
12 390
893 897
139 239
510 833
261 262
1122 657
533 7
978 801
17 576
248 798
208 784
946 833
218 493
387 746
313 102
634 775
765 416
1200 819
244 169
542 861
347 325
1285 566
514 341
725 554
26 586
703 625
729 625
868 806
338 418
1014 608
456 159
1104 301
341 23
894 164
194 347
298 376
19 117
1089 131
734 223
1044 478
315 488
1256 760
330 376
1036 430
130 418
1318 793
301 240
897 251
424 413
628 528
1227 464
1361 589
903 351
1119 887
722 291
892 667
819 90
1210 481
808 40
1332 292
1103 385
1294 466
988 125
1098 210
836 8
1147 426
178 151
732 712
780 263
1087 833
45 101
348 175
297 555
1019 611
1011 655
1316 710
216 82
429 582
452 344
1099 774
1197 128
1215 352
781 638
1306 884
1 103
1270 140
374 29
431 32
907 431
999 529
374 392
440 516
113 422
929 779
346 176
459 888
179 55
819 92
116 129
1077 891
203 508
360 693
840 371
1122 404
50 142
1247 282
1023 315
1047 745
970 131
1145 355
477 457
532 846
57 111
796 833
95 292
158 304
149 232
1244 817
498 439
936 503
1003 352
1121 493
525 403
1037 503
985 61
1178 199
9 40
1020 42
237 34
1357 267
506 254
887 666
754 186
906 225
1032 2
1071 484
119 121
551 434
969 414
1300 692
738 356
1386 480
615 368
812 647
20 583
624 675
43 512
543 726
78 31
1085 714
52 387
462 486
29 373
789 854
1005 230
1223 360
911 81
1307 637
595 396
697 462
122 263
367 849
1049 427
1205 725
712 491
836 572
245 176
1365 834
202 192
477 484
859 399
1110 776
746 492
797 895
83 28
606 289
859 468
1363 651
738 427
1391 452
65 112
153 256
71 19
672 352
782 316
845 562
680 49
1112 195
67 294
1068 740
201 297
499 433
73 681
1399 894
322 306
692 521
873 487
984 678
201 93
786 108
659 191
1017 672
373 239
1349 654
767 283
827 853
387 622
1112 714
626 296
1100 609
22 252
1270 549
507 343
1148 575
701 421
1038 455
353 194
951 874
330 744
1318 851
362 47
1082 440
251 44
1184 564
424 255
528 568
1250 287
1274 657
154 229
1340 628
232 11
1064 549
318 734
813 760
898 43
1105 151
139 373
919 752
645 756
648 850
172 436
804 687
114 14
298 34
377 27
1030 290
58 461
1304 811
458 241
1042 480
610 83
812 872
535 611
1297 761
872 177
958 349
210 208
953 726
376 82
1150 804
168 3
301 132
921 145
1265 583
253 777
599 886
1333 301
1336 684
250 55
614 793
360 376
375 776
908 441
936 844
812 40
1162 825
267 630
1288 741
659 259
1204 764
211 586
1166 706
166 94
575 764
1272 228
1379 267
223 149
939 745
143 287
444 838
329 139
1366 807
835 150
1368 410
20 403
1040 762
137 457
883 804
498 674
1396 884
63 184
329 238
43 477
600 815
312 313
646 412
342 393
856 756
414 530
843 555
50 35
647 120
897 84
1303 835
1178 798
1274 897
126 130
363 619
69 109
305 245
655 611
1021 641
160 306
772 645
466 762
1299 867
134 715
1239 734
1041 655
1242 662
860 588
1024 892
949 634
1116 761
164 263
1154 806
4 619
803 762
260 102
565 499
106 257
561 663
141 154
742 376
203 574
1269 759
695 264
879 683
194 257
647 275
280 230
808 696
141 258
645 522
187 481
559 778
840 117
1147 428
765 497
904 828
265 233
1068 622
629 735
771 820
170 289
275 620
132 40
1322 696
463 437
493 499
26 16
586 657
206 754
286 765
562 467
1059 624
538 532
1087 750
569 295
1042 475
22 846
1187 864
5 58
998 848
694 301
769 823
89 241
1304 512
165 71
568 146
952 140
1080 467
153 411
1384 464
58 659
1097 719
941 347
1061 800
629 293
1163 685
133 143
335 899
597 153
793 874
186 18
347 489
87 154
244 731
376 47
959 147
1190 511
1253 654
861 401
1332 547
516 361
1079 418
558 9
871 868
251 43
1310 385
625 61
828 588
1153 134
1232 559
280 457
1096 610
328 45
342 765
412 23
920 176
685 59
834 895
104 100
1342 228
222 674
953 804
562 114
1346 757
1045 202
1385 476
289 170
1025 870
334 406
1141 806
904 98
1289 217
243 223
329 369
701 174
728 610
121 43
597 163
430 48
1244 745
73 706
815 790
93 274
1050 709
279 509
333 795
174 108
943 762
132 44
741 324
773 536
1017 574
959 75
1086 138
190 29
1373 516
630 465
1143 646
707 510
1148 669
183 18
877 724
195 601
911 676
153 595
1003 670
419 104
475 399
277 518
833 886
779 6
851 300
70 382
731 500
417 108
1385 308
505 450
1292 832
234 516
944 706
444 591
623 795
456 669
1079 829
694 255
1018 871
405 93
421 316
737 464
1268 730
214 183
889 462
18 502
178 721
182 162
818 402
87 26
144 349
431 449
1081 786
1094 127
1177 723
688 63
1268 389
1234 30
1326 357
765 523
839 653
194 241
737 503
1000 100
1033 720
195 736
262 820
572 445
966 477
416 171
939 183
364 127
888 146
243 141
781 523
226 270
1235 648
390 14
794 367
725 253
1142 591
137 2
794 709
444 715
696 878
231 382
1395 889
209 567
790 636
294 334
1208 664
640 662
938 670
213 213
1051 603
458 509
725 554
563 58
795 804
1201 30
1216 647
640 768
989 770
676 19
787 623
89 194
1062 383
237 290
1330 660
1358 438
1388 630
143 286
371 749
296 72
1255 454
158 678
312 836
849 80
1098 513
827 312
1093 314
790 759
1079 846
366 463
807 491
45 227
299 431
434 121
798 703
892 186
1204 774
1103 509
1343 875
759 119
914 515
674 390
1285 620
387 41
880 768
557 695
782 801
198 387
349 640
688 181
789 504
84 316
1072 652
404 763
453 778
587 303
1396 848
35 430
525 586
705 73
731 588
760 616
1193 811
463 91
552 805
132 383
925 797
209 139
331 504
1 378
594 394
531 379
1058 679
566 378
1257 703
608 817
701 879
924 125
1132 317
46 49
635 102
754 115
1315 158
393 253
1029 619
176 143
980 454
361 410
811 429
331 596
1255 603
797 340
904 357
723 181
1048 275
440 269
503 495
663 768
947 861
332 188
757 600
239 843
514 852
549 386
591 566
126 287
417 594
52 416
1000 849
348 498
929 547
143 700
1267 880
1027 333
1162 341
51 858
822 873
1259 186
1269 269
888 289
1297 652
537 202
895 318
234 374
1141 378
32 67
1362 431
637 256
1192 835
428 527
917 803
777 415
1184 622
1062 478
1255 670
92 616
356 634
80 68
1271 574
80 26
686 785
144 461
490 725
125 671
615 859
754 84
892 669
607 297
775 434
317 263
1204 281
1394 102
1395 814
1051 47
1370 727
1170 247
1294 422
110 378
1372 845
230 151
1249 387
732 310
1275 721
396 68
942 458
542 345
1121 479
402 357
904 716
284 239
1187 695
64 34
1026 642
184 112
1366 781
408 181
416 266
134 341
763 738
1242 196
1253 254
931 356
1050 619
676 298
1107 856
143 854
302 894
43 6
925 133
380 506
1223 713
122 153
1069 164
784 277
1385 795
231 247
735 402
188 555
937 746
1092 414
1325 896
634 44
1321 435
275 421
685 544
41 326
555 435
744 468
931 713
139 202
565 562
940 511
1258 725
555 159
590 511
39 331
240 432
582 103
1348 551
110 103
1006 407
836 97
1139 310
1210 235
1259 899
680 141
871 241
1168 208
1346 469
124 104
569 344
834 148
1049 519
968 369
1086 502
13 740
733 769
233 108
1345 774
533 27
1201 780
32 118
416 432
506 80
1400 885
285 103
511 691
390 31
481 719
499 49
622 329
262 782
1271 871
122 318
1019 421
467 526
536 612
90 57
1135 320
212 155
474 633
1144 254
1314 319
214 86
443 458
208 50
1223 684
1018 54
1293 732
393 586
578 716
330 269
664 553
507 256
1357 277
15 355
638 462
946 18
1214 745
740 63
1291 893
176 362
1053 431
408 44
646 787
936 515
979 841
260 129
327 139
598 536
647 795
151 426
387 878
420 200
1393 857
409 471
1322 626
243 347
1294 376
362 149
652 418
51 200
139 834
97 299
526 446
529 32
1298 754
14 549
434 589
848 4
1164 495
342 111
738 406
756 5
1170 376
238 85
1235 826
29 81
194 242
819 463
841 475
493 596
787 866
380 200
863 514
805 92
1080 93
316 14
773 689
606 283
1078 349
324 452
674 846
292 333
827 728
